0
10258
0
77
33044
7421
32525
23154
27948
17416
24187
4122
27461
4438
2564
14297
10676
15871
19225
43501
1075
17797
2399
40080
7704
47868
25811
18324
35679
19337
28056
7563
14414
28077
19541
17003
23248
46165
4924
12497
20800
6338
22235
30420
13663
3766
2149
10797
17966
19460
7456
8540
41424
11265
28817
6392
26515
770
19663
15688
12596
9043
30155
6956
15170
17747
11740
33263
9627
26105
10320
19315
34349
12540
18055
31779
30092
2606
3993
11249
16316
4984
11838
547
2467
28305
29778
18447
28410
5691
7051
9887
18868
21417
25184
24994
13654
15675
6495
4639
22388
20295
3710
10714
19046
7836
1471
29015
11470
15259
16857
23798
26554
7866
35018
24961
35367
26803
5509
10642
12201
13814
7961
30101
21888
6110
40479
585
22429
14818
6791
21676
21255
480
636
4833
21507
19476
18311
19555
45083
2736
12753
4435
18332
11637
6669
21341
4534
3627
418
15699
6097
21533
2088
38025
7213
33504
10205
31525
23010
32502
6869
20047
8493
1305
11015
560
7752
13467
22096
30638
19099
0
8100
3477
25151
171
20009
17546
33059
6205
30279
19614
2383
20135
23266
7776
5474
3106
7209
18386
6859
19382
22045
25572
23942
3227
42480
16893
11168
16438
13529
10977
1992
9483
39934
7442
20439
43340
40839
6292
5510
11217
14240
6960
37563
13727
35071
12814
20656
16996
23069
15890
14761
7917
15346
41804
13578
3042
17333
35057
32724
13165
9196
34633
7451
5572
16061
11543
19575
2289
28317
8394
19116
39795
1309
18140
30935
16981
9427
19971
4419
20598
15978
13545
38887
24950
19981
27651
25273
26715
17071
30447
15418
3054
167
4004
25042
3106
4677
676
22732
1781
6473
13700
38013
2989
10148
1628
34356
6697
38298
30846
8089
223
36162
12620
31068
6865
4233
17820
15298
21391
1709
12031
10135
10683
19312
17384
718
10291
14843
12921
2917
31272
21207
374
17721
15431
21468
6446
40257
18043
39550
3826
16318
6093
39063
21772
14381
4325
21310
7713
37206
37429
25647
36275
6686
35855
29768
5171
6845
10639
847
31711
34659
24041
7017
38373
4112
10611
7769
974
35655
40273
8106
17424
5882
28365
38440
10675
12523
1944
19386
28898
23783
25918
29978
16970
11512
17623
9259
9690
6502
18420
14347
16903
3195
11779
27688
22112
13771
6763
10999
8230
47536
28977
23709
18695
9981
10971
8800
16628
47650
21200
506
40664
29475
5597
19936
3083
11089
5334
21210
6510
6250
29374
3657
38024
15780
18661
21906
25361
7041
9902
24624
33287
17207
3441
27425
22525
25324
13408
26892
15981
1986
42977
7184
29335
35402
27886
20945
14530
26543
21625
9982
22174
29851
13504
7394
3100
30781
19360
6205
6894
31914
8212
34943
33343
17791
6299
31864
42552
9647
27753
14442
14800
8571
15106
975
21387
5894
34443
7807
5192
37695
21068
1682
5176
2595
10055
29084
28799
19098
18326
5691
28310
11142
5361
6749
31250
35982
31224
4092
13015
25235
5918
17712
27619
3269
14746
6338
15381
2636
6479
14513
19922
9058
29830
5534
15379
