0
506
83
220
382
110
116
215
65
54
9
211
103
349
122
212
147
65
288
419
101
58
197
112
231
277
65
464
128
363
463
205
257
410
357
142
105
38
456
90
44
237
60
123
30
88
44
292
19
302
218
41
118
113
229
340
247
193
113
67
128
46
60
173
224
139
56
414
378
258
109
153
164
4
92
27
385
527
52
368
24
20
228
69
166
235
327
305
67
138
242
49
321
161
368
111
41
425
402
0
66
165
141
183
66
196
94
269
106
1
7
15
72
32
68
149
265
38
26
250
239
149
299
286
27
364
40
47
3
63
217
100
22
204
160
172
181
171
193
110
202
371
258
271
132
378
219
182
323
51
106
268
132
200
201
248
17
91
64
87
68
231
82
200
64
270
99
48
94
24
119
62
133
310
38
344
109
46
442
75
40
163
75
261
183
248
26
70
58
96
25
89
46
169
72
114
318
156
385
67
225
47
68
37
62
95
148
234
56
12
3
37
255
163
79
491
183
68
342
234
126
30
286
31
32
156
125
94
60
116
242
290
135
237
97
26
180
238
55
464
13
480
278
392
92
51
330
145
52
89
423
60
358
185
129
81
31
423
8
15
320
364
107
439
305
123
151
83
174
162
20
188
336
134
36
187
315
190
206
11
190
348
107
34
179
229
35
227
33
102
43
247
302
84
404
140
14
39
109
128
475
65
169
432
195
13
93
65
128
255
257
127
232
73
101
371
5
132
205
22
65
304
126
339
87
371
248
76
388
229
237
92
204
106
317
328
301
202
5
54
225
239
92
124
305
344
335
76
267
80
17
283
80
446
394
41
298
307
93
71
313
87
82
192
38
11
54
237
120
208
29
262
9
50
388
257
70
157
100
77
212
81
90
245
74
14
500
57
188
137
100
378
140
115
27
464
315
322
150
66
423
354
405
139
213
0
255
217
41
64
180
385
35
233
93
191
232
384
5
188
107
293
213
73
67
132
39
345
330
389
165
240
49
32
132
162
207
109
384
34
209
123
158
70
13
118
40
161
252
18
198
315
314
53
254
32
169
154
412
347
83
382
59
1
221
119
43
117
147
300
419
336
255
146
129
19
180
168
12
264
50
272
270
38
304
142
232
248
69
95
16
48
394
128
376
