100
834944413178175222 928272891588583289 136351051
992914215609237509 226519910801623994 330891850
99961268765894181 285410297139285274 587209559
981271302655973092 988836217409428218 169235752
743853645090047155 980922985590285906 521168134
817914140560404060 304401456911526364 5136227
432229025067989370 938463271890421767 850626138
900232519526468523 516163142315581260 856769326
36598010586448768 870203943228058700 731604233
695580765732452934 776546565792403149 797932415
486541769650535790 432563523748193844 186686306
175435392270085566 723569523123980633 34180256
324406947004837040 894081731593888612 160109913
99542502783796697 843895321244745882 746066552
128289690945941107 782705614219493505 526765970
35301000480951592 449633606998606595 409695274
215426277135935634 52487574674094222 39128495
191510617799170809 501919913221211900 478444538
499669956757341439 813680728345210614 988781777
773417334512179824 282875774735589137 729825194
2888385500053686 728342916986104871 691447812
121951097202839859 510733007080877782 616064382
348833798688025736 599793577926891203 240316244
18215028248480190 841628589690317253 881371080
518514453447749897 716427188427326273 956600085
433667701015322465 595375507157438772 169713039
142064975823819035 152999350390981122 276497377
829831446619832038 260593237987382436 874331675
307273261460727555 13875157833889941 233257353
358670055611370972 201474565857423210 269599234
978720266541931141 798229260361364775 377591525
69273041459294047 813293970302164502 638343338
563367259886105215 939957598625122370 306917308
696692317693140944 402057518222959556 602967712
389888172722746044 581914473976156383 81447927
414240615154298064 361517660260948277 636539792
798505473500868538 957191997872408897 139485730
158271441381256548 404709483213356066 415855811
12197469724718179 345489730759643031 174141921
950512395281120077 446941616782690797 926293650
541650861077555696 169759987342157025 646373186
483670351529776642 348663652602198596 568913503
706320195380207688 766720055345311396 483765358
738375470624887133 935226857649749007 542774887
936005588174418818 156159906327629740 886714224
473952405089734470 560157893949828937 480590092
80115776693816516 453665153119873568 114517543
510917614172566482 4749241839322362 832053775
837587966526867891 890254939928199341 90662303
354826598867281867 877117200103038449 48382317
819925468848166743 442121136352534961 977800410
136296875204380363 270350268794221147 156271295
289688990579516289 822019167519108907 83276226
594092343072408205 563507246937567566 155644029
697171185483398984 547184857726255437 471014924
359662714002721244 525987942206017038 431438093
391822101439483280 781343904672458025 43455525
126379598454831364 188472220907514882 257647061
843021276482241462 50886806124493147 969284043
309318394754994903 49134221816055025 266124336
501395455134352060 346101306181682452 966425461
352373326301558020 34094262622079136 174882611
799617228023196647 399411811739654113 259514041
279522524967389504 504663961978879615 239895336
135248754185102876 965431445910137665 700046030
589484762845659679 61263217811014371 252093008
566603228350290362 54471772367078859 346293274
15785741718969382 44091614176418554 181451660
829219314172980883 264706572831303825 139421644
663822442217253665 462115234017273715 587346323
736301736773004851 294948051798470668 669408853
193644711470627108 703820595694962144 197043601
395283515623932325 352465785163647405 875925363
799591994196641103 83139234061457351 997920587
469876387656047400 311149401770713165 977711709
446676210040573168 457872529503777367 328940243
110743917140221850 403358402643881163 934355924
837920508654738978 814558427279277406 691831327
557302274916649853 143622086366313654 214611860
546049849597673765 359431841431148691 257779588
897682936990183785 563810735255996591 668377534
799040567287254978 488467803992398165 579968767
308723000935002569 482611245396158453 247484781
199322589655768812 907987805544387224 473760087
231528961574182715 174944868082124944 244452675
819499858100089593 484754873928410702 96446879
946297111870260102 440884756499953113 198445012
598886086112331636 744689304031250991 380789795
449762338140004670 113877100931515900 277094861
166357369463364907 137055604426087407 482707157
268719611216924453 617805120236686808 763662128
171714373994439874 851844289071617369 348926939
304039105612820733 326690096400142740 455445586
801315443620118564 116001874416786658 281838159
186079461539531597 781866695776729845 285530128
951907479900379236 748457034546544494 524639894
352873832624306144 288617083141266881 492685178
219078391755503736 620966812090856878 243257627
534069962778453407 237342351222989678 524949954
423548138150848227 174375310062244783 321104441
