1744625695521602859
1109944709683547153
185449028373391093
1941466780141160054
1453160406262122971
1122289216638998668
647127469458989955
682341983010786181
833605932641609932
835431191819191443
884253516364117692
897836625459660407
1192853494197748170
744352818460949185
654415923273552398
414332606517655003
266382812649936336
464521354599904727
335661281586492547
523648294720806131
725454531486051185
388781909878037923
890875479244333159
823413561441837063
319857918296468860
1000240692396432677
218613526450422651
569238208632449602
303012088151837940
487460874225808192
1634374166773878766
744020928842870455
1409126624254343413
735179773598617844
965168881804857171
370575367979303285
1736241202360158805
390044868636289082
333292261034924852
539434085107194724
371890873735398671
508671429667330726
1239011328640885562
1378997749773998484
779845681846789078
803143462030404851
520666662044415692
506168372333244120
1719623253179141120
1229602950323649510
377804332495631782
382226426201353190
1104773228198545894
1133374526090978901
1022500984107913721
699511827685823540
1171277623415460155
248469811062761464
792134470357748315
287630454093484696
155294148952669608
355883661118577224
1131681502027187038
726636714471820887
830182691725034789
587197095722092978
512131455983211503
43415003255558476
1074487492049200328
780961972505560728
583141575427291057
858639126273498450
42817730460284920
716452760135183752
158726985885334235
796347055750511243
292614485503659313
1173848350223604128
654866110615692047
839031374781593124
1014765143621881686
951144600004184087
730085529257058280
882861774692148380
346716719097199359
1294952731463212775
1347801445384088059
1198574521786650807
486857876801816388
70406773987722508
349085509019762355
901808653957220583
423298519750634491
837884569886557782
886418703035034930
1425117495545952600
398752230651996163
780870930509431858
495839859271891015
494815385862066088
